
<NodeHandle>  0
<NodeTypeHY>  0
<NodeTypeMT>  0
<NodeStatusFMT>  -1
<NodeStatusCH>  1
<IterDone>  154
<TK>  293.15
<P>  100000
<Vs>  7.46509e-05
<Vi>  0
<Ms>  0.15028
<Mi>  0
<Hs>  0
<Hi>  0
<Gs>  -774.331
<IS>  0.312967
<pH>  13.5253
<pe>  2.83548
<Eh>  0.1646
<Tm>  0
<dt>  0
<bIC>
0.0868770313332292 1.61723191563405e-05 4.28462590208231e-07 8.40319891123592e-06 0.0456602768565608 1.18213419690862 1.71107480084272e-05 2.56164605772068e-06 0.0321014681874853 5.62062926791242 0.0157606099694012 4.17565300739889e-06 0.021585732337295 1.13707754078901e-05 1.1765439564347e-06 0.0128377005288607 5.4729517594269e-06 5.05068054387408 1.02045803028765e-05 0.0261956319919654 0.336935277366923 1.63323431803207e-05 1.25189660229205e-05 0 
<rMB>
-1.03513062000753e-16 0 0 0 -3.73833110371469e-17 -4.67493561913556e-16 0 -1.53182011987942e-22 0 5.92681019097045e-16 0 -1.6847829101685e-22 -2.76034832002008e-18 0 0 -1.38017416001004e-18 0 -4.15654543941898e-15 0 1.89116881666415e-18 -1.47411765508103e-16 2.69565265626961e-21 0 -1.40055459573182e-18 
<uIC>
-299.735406453465 -235.334820723718 -257.945927651072 -43.5822553676702 -148.741686987783 -248.839153371452 -54.0981857771147 -117.900024127512 -122.551227159463 -37.672150233297 -124.077204815764 -135.14436128993 -224.578743487247 -148.522248000352 17.2736268613678 -116.45737889338 -0.333222294937771 -21.8338069593856 -340.531602550658 -213.304212907135 -318.999568283472 -255.213596096239 -330.963537375298 6.52892651324079 
<bSP>
0.0868765130731196 0 4.04847932605231e-07 0 0.0456581753114986 1.18211862343108 0 0 0.0321014681815574 4.24969259459546 0.0130572741426071 0 0.0215857323175643 1.1370775407871e-05 0 0.0114803051142423 0 4.36308551249815 1.02045791527066e-05 0.0261764060685035 0.336934624064862 1.48150935682745e-05 1.25189660229205e-05 0 
<xDC>
0 0 0 5.47421861523797e-34 1.32735258270807e-32 1.96501723236861e-32 2.1672305748382e-33 0 0 1.49386215572431e-21 5.18083140551932e-07 3.38338642682709e-14 9.04001787113821e-29 2.48105900841177e-35 1.76935331249152e-10 6.22625710766826e-10 1.61716965306298e-05 4.75389855441541e-11 9.78029577368973e-16 4.78768811138973e-10 1.93954355314985e-08 3.6929132967887e-09 6.00186291010144e-08 5.31307876936408e-13 7.57761422163242e-08 7.54673393803267e-06 2.97032171552699e-09 1.56377401382799e-25 5.39953452209232e-18 7.56008176929307e-06 1.06018482529154e-12 1.39810807554912e-10 3.27755336856842e-07 4.67273552792211e-34 0 0 3.28618388735293e-35 3.76844165608834e-33 0 0 
8.54485313390639e-30 0 0 0 0 0 0 0 0 0 0 0 0 8.86800612374727e-23 5.92773774587376e-12 1.6912278051903e-16 3.35120610738957e-32 0 4.40553098714104e-06 0.00257035779843032 0.000128572497376191 4.05090909243429e-16 6.72258713199399e-31 3.2887048257554e-09 3.09256330833959e-06 1.07980099423354e-06 3.62679180360105e-15 4.89027940184631e-20 7.61448468018486e-13 2.34589648234131e-15 3.03970319624617e-32 5.85823156823543e-25 1.8606827398062e-11 2.97281077097095e-21 8.82746094840422e-15 0 0 0 0 2.90471357345034e-17 
3.47514629010104e-13 4.48039527862035e-20 5.65605455324726e-26 9.48612249182898e-22 1.08718082957206e-19 1.27922411809713e-22 4.30324525089499e-26 1.96217720078915e-29 3.43117789128856e-23 1.89851393394593e-17 6.80468663844752e-07 8.35069085571556e-12 1.49120648733912e-06 0.00123121011469122 7.03826587203308e-08 0.00012394323376647 1.2005894365766e-16 5.0247622601876e-31 6.30813455521797e-08 5.77623350610721e-19 1.01837364138047e-11 2.33359394736825e-07 3.38392603835413e-09 9.53844820972195e-14 1.07821673003956e-08 1.13554263134315e-06 3.38762085480592e-07 2.8778706499267e-08 8.40319891123592e-06 1.46816037916221e-17 1.35731988452878e-06 2.97437691082462e-10 0 0 0 0 1.71107480084272e-05 2.48829307487018e-06 4.18067540966213e-20 6.86630954534984e-17 
0 1.1765439564347e-06 0 0 2.73647587971345e-06 1.15286683505187e-24 1.44848132694093e-22 3.82367393827528e-34 0 9.30598522122833e-16 7.19457327209873e-31 8.85239507205658e-14 0 0 0 1.03884846277117e-17 1.32388601954303e-05 0 0 0 0 0.00374779743384075 4.96883078039336e-16 0.683463656200058 0 0 0 0 0 0 0 0 0 0 0 0.179484103363643 0.113381203473695 0.133148495778532 0.00529371607431663 0.0261145482852142 
0.0229606102284845 0 0 0 0 0 0 0 0 0.0033375354448477 0.0261760012205709 0 0 0 0 0 0 4.04847932605231e-07 0 0 0 0 0 0 0 0 0 0 0 0 0 0 0 0 0 0 0 0 0 0 
0 0 0 0 0 0 0.0282039774101369 0 0 0 0 0 0.0141018473629458 0 0 0 0 0 0 0 0 0 0 0.46125500468568 0 3.40152638423552e-06 0 0 0 0 1.25189660229205e-05 0 0 0 0 0 0 0.0321014681815574 0 0 
0 0 0 0 0.00539643307939108 0 0 0 0 0 0 0 0 0 0 0 0 0 2.91394849420234e-06 8.45682691366864e-06 0 0 0 0 0 0 0 0 0 1.48150935682745e-05 0 0 
<gam>
0.739217946167146 0.739217946167146 0.0325145164913942 0.229092990399359 0.739217946167146 1.09234393578719 0.739217946167146 0.229092990399359 0.0325145164913942 0.739217946167146 0.739217946167146 1.09234393578719 0.229092990399359 0.229092990399359 0.0325145164913942 1.09234393578719 0.739217946167146 1.09234393578719 0.739217946167146 1.09234393578719 0.229092990399359 0.739217946167146 1.09234393578719 0.739217946167146 1.09234393578719 0.229092990399359 0.739217946167146 0.739217946167146 1.09234393578719 0.739217946167146 0.739217946167146 0.739217946167146 1.09234393578719 1.09234393578719 0.739217946167146 0.739217946167146 1.09234393578719 0.229092990399359 0.739217946167146 0.739217946167146 
0.739217946167146 0.229092990399359 0.739217946167146 0.739217946167146 0.0325145164913942 0.0021133381781678 6.29052506218309e-05 0.229092990399359 0.739217946167146 1.09234393578719 0.229092990399359 0.739217946167146 1.09234393578719 0.739217946167146 0.739217946167146 1.09234393578719 0.229092990399359 0.229092990399359 0.739217946167146 0.739217946167146 1.09234393578719 0.739217946167146 0.0325145164913942 0.739217946167146 0.739217946167146 1.09234393578719 1.09234393578719 0.739217946167146 0.229092990399359 0.739217946167146 0.739217946167146 1.09234393578719 0.739217946167146 0.739217946167146 1.09234393578719 1.09234393578719 0.739217946167146 0.229092990399359 0.0325145164913942 0.739217946167146 
1.09234393578719 1.09234393578719 0.739217946167146 1.09234393578719 0.229092990399359 0.739217946167146 1.09234393578719 0.739217946167146 0.739217946167146 0.739217946167146 0.739217946167146 1.09234393578719 0.739217946167146 0.739217946167146 1.09234393578719 1.09234393578719 0.739217946167146 0.0325145164913942 0.739217946167146 0.0021133381781678 1.09234393578719 0.229092990399359 1.09234393578719 0.739217946167146 1.09234393578719 0.229092990399359 0.739217946167146 1.09234393578719 0.739217946167146 1.09234393578719 0.229092990399359 0.739217946167146 1.09234393578719 0.739217946167146 1.09234393578719 0.739217946167146 0.739217946167146 0.739217946167146 0.739217946167146 1.09234393578719 
1.09234393578719 0.739217946167146 1.09234393578719 0.739217946167146 1.09234393578719 1.09234393578719 0.739217946167146 1.09234393578719 0.0325145164913942 0.229092990399359 0.0021133381781678 0.0325145164913942 0.229092990399359 0.739217946167146 0.229092990399359 0.739217946167146 0.229092990399359 1.09234393578719 0.739217946167146 0.229092990399359 0.739217946167146 0.739217946167146 0.739217946167146 1.00047019070888 1 1 1 1 1 1 1 1 1 1 1 1 1 1 1 1 
1 1 1 1 1 1 1 1 1 2.47469248217553 0.990580272676162 1 1 1 1 1 1 1 1 1 1 1 1 1 1 1 1 1 1 1 1 1 1 1 1 1 1 1 1 1 
1 1 1 1 1 1 1 1 1 1 1 1 1 1 1 1 1 1 1 1 1 1 1 1 1 1 1 1 1 1 1 1 1 1 1 1 1 1 1 1 
1 1 1 1 1 1 1 1 1 1 1 1 1 1 1 1 1 1 1 1 1 1 1 1 1 1 1 1 1 1 1 1 
<dll>
0 0 0 0 0 0 0 0 0 0 0 0 0 0 0 0 0 0 0 0 0 0 0 0 0 0 0 0 0 0 0 0 0 0 0 0 0 0 0 0 
0 0 0 0 0 0 0 0 0 0 0 0 0 0 0 0 0 0 0 0 0 0 0 0 0 0 0 0 0 0 0 0 0 0 0 0 0 0 0 0 
0 0 0 0 0 0 0 0 0 0 0 0 0 0 0 0 0 0 0 0 0 0 0 0 0 0 0 0 0 0 0 0 0 0 0 0 0 0 0 0 
0 0 0 0 0 0 0 0 0 0 0 0 0 0 0 0 0 0 0 0 0 0 0 0 0 0 0 0 0 0 0 0 0 0 0 0 0 0 0 0 
0 0 0 0 0 0 0 0 0 0 0 0 0 0 0 0 0 0 0 0 0 0 0 0 0 0 0 0 0 0 0 0 0 0 0 0 0 0 0 0 
0 0 0 0 0 0 0 0 0 0 0 0 0 0 0 0 0 0 0 0 0 0 0 0 0 0 0 0 0 0 0 0 0 0 0 0 0 0 0 0 
0 0 0 0 0 0 0 0 0 0 0 0 0 0 0 0 0 0 0 0 0 0 0 0 0 0 0 0 0 0 0 0 
<dul>
1000000 1000000 1000000 1000000 1000000 1000000 1000000 1000000 1000000 1000000 1000000 1000000 1000000 1000000 1000000 1000000 1000000 1000000 1000000 1000000 1000000 1000000 1000000 1000000 1000000 1000000 1000000 1000000 1000000 1000000 1000000 1000000 1000000 1000000 1000000 1000000 1000000 1000000 1000000 1000000 
1000000 1000000 1000000 1000000 1000000 1000000 1000000 1000000 1000000 1000000 1000000 1000000 1000000 1000000 1000000 1000000 1000000 1000000 1000000 1000000 1000000 1000000 1000000 1000000 1000000 1000000 1000000 1000000 1000000 1000000 1000000 1000000 1000000 1000000 1000000 1000000 1000000 1000000 1000000 1000000 
1000000 1000000 1000000 1000000 1000000 1000000 1000000 1000000 1000000 1000000 1000000 1000000 1000000 1000000 1000000 1000000 1000000 1000000 1000000 1000000 1000000 1000000 1000000 1000000 1000000 1000000 1000000 1000000 1000000 1000000 1000000 1000000 1000000 1000000 1000000 1000000 1000000 1000000 1000000 1000000 
1000000 1000000 1000000 1000000 1000000 1000000 1000000 1000000 1000000 1000000 1000000 1000000 1000000 1000000 1000000 1000000 1000000 1000000 1000000 1000000 1000000 1000000 1000000 1000000 1000000 1000000 1000000 1000000 1000000 1000000 1000000 1000000 1000000 1000000 1000000 1000000 1000000 1000000 1000000 1000000 
1000000 1000000 1000000 1000000 1000000 1000000 1000000 1000000 1000000 1000000 1000000 1000000 1000000 1000000 1000000 1000000 1000000 1000000 1000000 1000000 1000000 1000000 1000000 1000000 1000000 1000000 1000000 1000000 1000000 1000000 1000000 1000000 1000000 1000000 1000000 1000000 1000000 1000000 1000000 1000000 
1000000 1000000 1000000 1000000 1000000 1000000 1000000 1000000 1000000 1000000 1000000 1000000 1000000 1000000 1000000 1000000 1000000 1000000 1000000 1000000 1000000 1000000 1000000 1000000 1000000 1000000 1000000 1000000 1000000 1000000 1000000 1000000 1000000 1000000 1000000 1000000 1000000 1000000 1000000 1000000 
1000000 1000000 1000000 1000000 1000000 1000000 1000000 1000000 1000000 1000000 1000000 1000000 1000000 1000000 1000000 1000000 1000000 1000000 1000000 1000000 1000000 1000000 1000000 1000000 1000000 1000000 1000000 1000000 1000000 1000000 1000000 1000000 
<aPH>
0 0 0 0 0 0 0 0 0 0 0 0 0 0 0 0 0 0 0 0 0 0 0 0 0 0 0 0 0 0 0 0 0 0 0 0 0 0 0 0 
0 0 0 0 0 0 0 0 0 0 0 0 0 0 0 0 0 0 0 0 0 0 0 0 0 0 0 0 0 0 0 0 0 0 0 0 0 0 0 0 
0 0 0 0 0 0 0 0 0 0 0 0 0 0 0 0 0 0 0 0 0 0 0 0 0 0 0 0 0 0 
<xPH>
0.691356973663415 0 0 0 0.480382677203885 0 0 0 0 0.0295135366654186 0 0 0 0 0 4.04847932605231e-07 0 0 0 0 0 0 0 0 0 0 0 0 0 0 0 0 0 0 0 0 0 0 0 0 
0 0 0 0 0.0282039774101369 0 0 0 0 0 0.0141018473629458 0 0 0 0 0 0 0 0 0 0 0.46125500468568 0 3.40152638423552e-06 0 0 0 0 1.25189660229205e-05 0 0 0 0 0 0 0.0321014681815574 0 0 0 0 
0 0 0.00539643307939108 0 0 0 0 0 0 0 0 0 0 0 0 0 2.91394849420234e-06 8.45682691366864e-06 0 0 0 0 0 0 0 0 0 1.48150935682745e-05 0 0 
<vPS>
1.23390003217257e-05 0 0 0 3.04023736461e-05 0 0 0 0 6.89265898570679e-06 0 
<mPS>
0.0125229038248671 0 0 0 0.0686577653974992 0 0 0 0 0.0122272502260848 0 
<xPA>
0.683463656200058 0 0 0 0 0 0 0 0 0 0 
<amru>
1000000 1000000 1000000 1000000 1000000 1000000 1000000 1000000 1000000 1000000 1000000 
<amrl>
0 0 0 0 0 0 0 0 0 0 0 
<omPH>
3.44199349214374e-09 -0.431117965703311 -0.737069020807333 -1.96065002157434 5.65845852502342e-10 -0.0852248351351296 -1 -2.89859298827895 -1 5.07439813970696e-09 -3.69528792872173 -3.20554957734791 -2.68238069176178 -15.2782039867865 -2.46624056739747 4.74154103897289e-09 -64.6027435627143 -145.431834042702 -1.93537400067011 -38.9658010820907 -14.1987758363677 -41.3266870239926 -13.044366944247 -19.0504923580301 -6.45013948331735 -17.9787785964345 -4.17483945791702 -2.69437037259836 -4.92322126372712 -3.09661641990589 -2.80347085642182 -5.20657107865491 -2.67820543696584 -1.28599451130015 -1.29538611806896 -1.2795547261146 -4.80302278657765 -22.9319655932402 -10.7714520604406 -6.06441356906686 
-4.16822246065511 -2.54534502961035 -0.737074591082191 -5.64156103485752 3.2272537748271e-09 -5.62897949185279 -3.16956856953306 -29.6246033065362 -37.847089108161 -0.144089703784797 1.27775333451476e-08 -0.856116153835177 -6.94200352581086 -7.07046551618109 -4.69262302912787 -5.37624189229342 -9.36692459018511 -7.02694014980001 -22.5886988672973 -7.47955879161156 -9.96163032911035 6.61976089495525e-10 -11.0330802108043 0 -18.4284933857002 -3.1547795737728 -2.89008926826402 -3.92975243433912 0 -0.814081570161331 -53.2474381377424 -24.9053401671943 -3.20226228874001 -16.4458968238434 -5.84669652251379 1.23433915718819e-14 -207.68924005823 -126.341377960077 -32.554790932248 -3.36793143683466 
-5.43345637950085 -59.8922012825204 -1.97494265150158e-13 -7.24015150434898 -32.5173520866645 -13.3389191901356 -13.4492868696047 -0.989400563737883 -33.0873103581482 -35.939133845877 -34.813722354015 -35.012103437655 -19.0882618090013 -19.942768546272 -11.1628300260658 -1.37644651122805 2.55184807929062e-09 -8.79318529687916e-10 -5.85294742059597 -5.60009610327305 -7.73805120157075 -13.4496752864666 -22.0236936727591 -43.6942658170789 -92.6650008808048 -5.23425611746322 -6.28373341111349 -8.15999396734959e-09 -1.65112466937282 -4.03979062190887 
<bPS>
5.18260109717045e-07 1.61723191563405e-05 2.36146576029999e-08 8.40319891123592e-06 2.10154506219225e-06 1.55734775395211e-05 1.71107480084272e-05 2.5616460577206e-06 5.92790686865428e-12 1.37093667331695 0.00270333582679405 4.17565300739889e-06 1.97306196914607e-11 1.89851393394593e-17 1.1765439564347e-06 0.00135739541461841 5.4729517594269e-06 0.687595031375928 1.15016992392165e-12 1.9225923461902e-05 6.53302061064008e-07 1.51724961204624e-06 0 2.78072875574186e-18 
0 0 0 0 0 0 0 0 0 0 0 0 0 0 0 0 0 0 0 0 0 0 0 0 
0 0 0 0 0 0 0 0 0 0 0 0 0 0 0 0 0 0 0 0 0 0 0 0 
0 0 0 0 0 0 0 0 0 0 0 0 0 0 0 0 0 0 0 0 0 0 0 0 
0 0 0 0 0 0.534889261813122 0 0 0 1.93703097658191 0.0130572741426071 0 0 0 0 0.0114803051142423 0 2.18951774993018 0 0 0.336922105098839 0 0 0 
0 0 0 0 0 0 0 0 0 0 0 0 0 0 0 0 0 0 0 0 0 0 0 0 
0 0 0 0 0 0 0 0 0 0 0 0 0 0 0 0 0 0 0 0 0 0 0 0 
0 0 0 0 0 0 0 0 0 0 0 0 0 0 0 0 0 0 0 0 0 0 0 0 
0 0 0 0 0 0 0 0 0 0 0 0 0 0 0 0 0 0 0 0 0 0 0 0 
0.0196756920940636 0 0 0 0.0033375354448477 0.0590270733308372 0 0 0 0.6296221174965 0 0 0 0 0 0 0 0.488554743295914 0 0.0261760012205709 0 0 0 0 
0 0 0 0 0 0 0 0 0 0 0 0 0 0 0 0 0 0 0 0 0 0 0 0 
